mean_bufor 
P = 0.496549741908
R = 0.697720456306
F1 = 0.580191841044

median bufor
P = 0.978480435055
R = 0.708446162912
F1 = 0.821850471187

aproksymacja sredniej
P = 0.562085866207
R = 0.697717145903
F1 = 0.622600426499
